# Bias vector B1
B1_shape: 128,1
-0.021197634369556972
-0.012737558909030177
-0.007870325095245977
0.007828528530241729
0.10808016318615758
0.03615903991289794
0.002505225055094975
-0.0005338305356595776
-0.006374159376127321
0.0007263553348403543
0.07417326968161705
0.004218480528882356
-0.029100832848117632
0.09605156861533279
-0.03693839389331217
-0.0526767095819581
0.027360558260920476
-0.010700527798926449
-0.009847480071494117
0.02251877506748104
0.06448886410988482
0.018473819289475852
-0.07621284447834538
0.025572840118373175
0.04037197368019303
0.05683364824416968
0.0538824933694328
0.010964903500904196
0.006853983550923602
0.023983752390504164
0.015383283300052099
-0.0011500327173716981
0.026307353560781344
0.017976995532528038
0.03507002473633058
0.07123715547782432
-0.09252407300334307
0.03195806948942617
0.02134627476425362
0.05729684289704077
0.09376734688121964
0.039575485596689546
-0.02528275584024452
-0.013879673066601133
0.018546130065405873
0.028862620180635592
0.07920850637739897
0.04231607995999396
0.027288512545757863
0.03919064954415202
-0.024098393915062764
-0.07252534197770488
-0.0066013708622547525
-0.03441250291676288
0.01572909539724094
0.043162854350858315
0.07307382467930999
0.012577866845035623
0.0813050225479124
-0.019664140781745325
0.04290536577488785
0.03338149530204108
0.007274778537192512
0.016729717883121567
0.01663381566185399
0.029431993015146624
0.016294026733967525
0.03354989587754759
0.015368859213248966
-0.009173922108518558
-0.0015219222491554508
0.07645012156900127
0.02599795907364799
-0.061142449346477806
0.0026287997205295265
0.0593447775939944
0.03770804535994036
0.07040535303755864
0.052319253099918916
0.031470877147756426
0.059406565395218505
-0.07368069260834254
-0.012973872604943676
-0.011430270003579974
0.009471358904412445
-0.034150860557424625
0.046947365699384264
0.0074633500824264265
0.0955301098145406
-0.021559258002051933
0.0500731139738717
0.0738240417885826
-0.07331904341650614
-0.006193676673296984
-0.00028511061992757833
0.03285797894689976
0.0311283254157912
-0.0616218293258991
0.007752466642507224
0.001813391643644369
0.05756382613153724
-0.04923629921063936
0.0003055557239504843
0.009454966350331655
0.018525990500238083
0.09124530216978584
0.01730741680952474
0.07687966876035067
0.003378910335037196
0.02664889765256068
0.0916815595511286
0.06435315761710625
-0.014033247315471965
0.038344393128062856
0.13172584847146196
0.037478992869390736
0.041883686236525004
0.02255459548570572
0.05567755658693824
0.0324700138908809
0.005112841583460537
0.030691429103702393
0.053017709901257086
0.054793066010754614
-0.01257834624202519
0.006985989866756118
-0.035472927779376495
0.07185136517760222

# Bias vector B2
B2_shape: 10,1
-0.10155150500222745
0.13938363599993636
-0.03985824021567242
-0.02253173469542337
0.019832836725947305
0.1819703061838186
-0.014012800931237444
0.09804038633225907
-0.2291827629440611
-0.03209012145333955
